%YAML:1.0
---
feature: !!opencv-matrix
   rows: 105
   cols: 36
   dt: f
   data: [ 4.09867503e-02, 3.19186337e-02, 2.35885203e-01,
       2.59562552e-01, 1.46871343e-01, 1.46648765e-01, 1.08049899e-01,
       3.24853897e-01, 2.27744162e-01, 3.27675827e-02, 1.28716640e-02,
       6.73068762e-02, 9.74058434e-02, 1.43363923e-01, 1.02461040e-01,
       1.37471646e-01, 3.38681579e-01, 1.93612725e-01, 5.44251641e-04,
       2.68494375e-02, 4.33613546e-02, 7.13237599e-02, 1.29589349e-01,
       2.62433797e-01, 2.31281608e-01, 2.86620945e-01, 1.36607394e-01,
       6.08519558e-03, 5.41913658e-02, 1.88678324e-01, 1.98083058e-01,
       1.60925493e-01, 1.91982538e-01, 1.60181522e-01, 1.51486680e-01,
       8.89405236e-02, 4.09867503e-02, 3.19186337e-02, 2.35885203e-01,
       2.59562552e-01, 1.46871343e-01, 1.46648765e-01, 1.08049899e-01,
       3.24853897e-01, 2.27744162e-01, 3.27675827e-02, 1.28716640e-02,
       6.73068762e-02, 9.74058434e-02, 1.43363923e-01, 1.02461040e-01,
       1.37471646e-01, 3.38681579e-01, 1.93612725e-01, 5.44251641e-04,
       2.68494375e-02, 4.33613546e-02, 7.13237599e-02, 1.29589349e-01,
       2.62433797e-01, 2.31281608e-01, 2.86620945e-01, 1.36607394e-01,
       6.08519558e-03, 5.41913658e-02, 1.88678324e-01, 1.98083058e-01,
       1.60925493e-01, 1.91982538e-01, 1.60181522e-01, 1.51486680e-01,
       8.89405236e-02, 4.09867503e-02, 3.19186337e-02, 2.35885203e-01,
       2.59562552e-01, 1.46871343e-01, 1.46648765e-01, 1.08049899e-01,
       3.24853897e-01, 2.27744162e-01, 3.27675827e-02, 1.28716640e-02,
       6.73068762e-02, 9.74058434e-02, 1.43363923e-01, 1.02461040e-01,
       1.37471646e-01, 3.38681579e-01, 1.93612725e-01, 5.44251641e-04,
       2.68494375e-02, 4.33613546e-02, 7.13237599e-02, 1.29589349e-01,
       2.62433797e-01, 2.31281608e-01, 2.86620945e-01, 1.36607394e-01,
       6.08519558e-03, 5.41913658e-02, 1.88678324e-01, 1.98083058e-01,
       1.60925493e-01, 1.91982538e-01, 1.60181522e-01, 1.51486680e-01,
       8.89405236e-02, 4.09867503e-02, 3.19186337e-02, 2.35885203e-01,
       2.59562552e-01, 1.46871343e-01, 1.46648765e-01, 1.08049899e-01,
       3.24853897e-01, 2.27744162e-01, 3.27675827e-02, 1.28716640e-02,
       6.73068762e-02, 9.74058434e-02, 1.43363923e-01, 1.02461040e-01,
       1.37471646e-01, 3.38681579e-01, 1.93612725e-01, 5.44251641e-04,
       2.68494375e-02, 4.33613546e-02, 7.13237599e-02, 1.29589349e-01,
       2.62433797e-01, 2.31281608e-01, 2.86620945e-01, 1.36607394e-01,
       6.08519558e-03, 5.41913658e-02, 1.88678324e-01, 1.98083058e-01,
       1.60925493e-01, 1.91982538e-01, 1.60181522e-01, 1.51486680e-01,
       8.89405236e-02, 4.09867503e-02, 3.19186337e-02, 2.35885203e-01,
       2.59562552e-01, 1.46871343e-01, 1.46648765e-01, 1.08049899e-01,
       3.24853897e-01, 2.27744162e-01, 3.27675827e-02, 1.28716640e-02,
       6.73068762e-02, 9.74058434e-02, 1.43363923e-01, 1.02461040e-01,
       1.37471646e-01, 3.38681579e-01, 1.93612725e-01, 5.44251641e-04,
       2.68494375e-02, 4.33613546e-02, 7.13237599e-02, 1.29589349e-01,
       2.62433797e-01, 2.31281608e-01, 2.86620945e-01, 1.36607394e-01,
       6.08519558e-03, 5.41913658e-02, 1.88678324e-01, 1.98083058e-01,
       1.60925493e-01, 1.91982538e-01, 1.60181522e-01, 1.51486680e-01,
       8.89405236e-02, 4.09867503e-02, 3.19186337e-02, 2.35885203e-01,
       2.59562552e-01, 1.46871343e-01, 1.46648765e-01, 1.08049899e-01,
       3.24853897e-01, 2.27744162e-01, 3.27675827e-02, 1.28716640e-02,
       6.73068762e-02, 9.74058434e-02, 1.43363923e-01, 1.02461040e-01,
       1.37471646e-01, 3.38681579e-01, 1.93612725e-01, 5.44251641e-04,
       2.68494375e-02, 4.33613546e-02, 7.13237599e-02, 1.29589349e-01,
       2.62433797e-01, 2.31281608e-01, 2.86620945e-01, 1.36607394e-01,
       6.08519558e-03, 5.41913658e-02, 1.88678324e-01, 1.98083058e-01,
       1.60925493e-01, 1.91982538e-01, 1.60181522e-01, 1.51486680e-01,
       8.89405236e-02, 4.09867503e-02, 3.19186337e-02, 2.35885203e-01,
       2.59562552e-01, 1.46871343e-01, 1.46648765e-01, 1.08049899e-01,
       3.24853897e-01, 2.27744162e-01, 3.27675827e-02, 1.28716640e-02,
       6.73068762e-02, 9.74058434e-02, 1.43363923e-01, 1.02461040e-01,
       1.37471646e-01, 3.38681579e-01, 1.93612725e-01, 5.44251641e-04,
       2.68494375e-02, 4.33613546e-02, 7.13237599e-02, 1.29589349e-01,
       2.62433797e-01, 2.31281608e-01, 2.86620945e-01, 1.36607394e-01,
       6.08519558e-03, 5.41913658e-02, 1.88678324e-01, 1.98083058e-01,
       1.60925493e-01, 1.91982538e-01, 1.60181522e-01, 1.51486680e-01,
       8.89405236e-02, 4.09867503e-02, 3.19186337e-02, 2.35885203e-01,
       2.59562552e-01, 1.46871343e-01, 1.46648765e-01, 1.08049899e-01,
       3.24853897e-01, 2.27744162e-01, 3.27675827e-02, 1.28716640e-02,
       6.73068762e-02, 9.74058434e-02, 1.43363923e-01, 1.02461040e-01,
       1.37471646e-01, 3.38681579e-01, 1.93612725e-01, 5.44251641e-04,
       2.68494375e-02, 4.33613546e-02, 7.13237599e-02, 1.29589349e-01,
       2.62433797e-01, 2.31281608e-01, 2.86620945e-01, 1.36607394e-01,
       6.08519558e-03, 5.41913658e-02, 1.88678324e-01, 1.98083058e-01,
       1.60925493e-01, 1.91982538e-01, 1.60181522e-01, 1.51486680e-01,
       8.89405236e-02, 4.09867503e-02, 3.19186337e-02, 2.35885203e-01,
       2.59562552e-01, 1.46871343e-01, 1.46648765e-01, 1.08049899e-01,
       3.24853897e-01, 2.27744162e-01, 3.27675827e-02, 1.28716640e-02,
       6.73068762e-02, 9.74058434e-02, 1.43363923e-01, 1.02461040e-01,
       1.37471646e-01, 3.38681579e-01, 1.93612725e-01, 5.44251641e-04,
       2.68494375e-02, 4.33613546e-02, 7.13237599e-02, 1.29589349e-01,
       2.62433797e-01, 2.31281608e-01, 2.86620945e-01, 1.36607394e-01,
       6.08519558e-03, 5.41913658e-02, 1.88678324e-01, 1.98083058e-01,
       1.60925493e-01, 1.91982538e-01, 1.60181522e-01, 1.51486680e-01,
       8.89405236e-02, 4.09867503e-02, 3.19186337e-02, 2.35885203e-01,
       2.59562552e-01, 1.46871343e-01, 1.46648765e-01, 1.08049899e-01,
       3.24853897e-01, 2.27744162e-01, 3.27675827e-02, 1.28716640e-02,
       6.73068762e-02, 9.74058434e-02, 1.43363923e-01, 1.02461040e-01,
       1.37471646e-01, 3.38681579e-01, 1.93612725e-01, 5.44251641e-04,
       2.68494375e-02, 4.33613546e-02, 7.13237599e-02, 1.29589349e-01,
       2.62433797e-01, 2.31281608e-01, 2.86620945e-01, 1.36607394e-01,
       6.08519558e-03, 5.41913658e-02, 1.88678324e-01, 1.98083058e-01,
       1.60925493e-01, 1.91982538e-01, 1.60181522e-01, 1.51486680e-01,
       8.89405236e-02, 4.09867503e-02, 3.19186337e-02, 2.35885203e-01,
       2.59562552e-01, 1.46871343e-01, 1.46648765e-01, 1.08049899e-01,
       3.24853897e-01, 2.27744162e-01, 3.27675827e-02, 1.28716640e-02,
       6.73068762e-02, 9.74058434e-02, 1.43363923e-01, 1.02461040e-01,
       1.37471646e-01, 3.38681579e-01, 1.93612725e-01, 5.44251641e-04,
       2.68494375e-02, 4.33613546e-02, 7.13237599e-02, 1.29589349e-01,
       2.62433797e-01, 2.31281608e-01, 2.86620945e-01, 1.36607394e-01,
       6.08519558e-03, 5.41913658e-02, 1.88678324e-01, 1.98083058e-01,
       1.60925493e-01, 1.91982538e-01, 1.60181522e-01, 1.51486680e-01,
       8.89405236e-02, 4.09867503e-02, 3.19186337e-02, 2.35885203e-01,
       2.59562552e-01, 1.46871343e-01, 1.46648765e-01, 1.08049899e-01,
       3.24853897e-01, 2.27744162e-01, 3.27675827e-02, 1.28716640e-02,
       6.73068762e-02, 9.74058434e-02, 1.43363923e-01, 1.02461040e-01,
       1.37471646e-01, 3.38681579e-01, 1.93612725e-01, 5.44251641e-04,
       2.68494375e-02, 4.33613546e-02, 7.13237599e-02, 1.29589349e-01,
       2.62433797e-01, 2.31281608e-01, 2.86620945e-01, 1.36607394e-01,
       6.08519558e-03, 5.41913658e-02, 1.88678324e-01, 1.98083058e-01,
       1.60925493e-01, 1.91982538e-01, 1.60181522e-01, 1.51486680e-01,
       8.89405236e-02, 4.09867503e-02, 3.19186337e-02, 2.35885203e-01,
       2.59562552e-01, 1.46871343e-01, 1.46648765e-01, 1.08049899e-01,
       3.24853897e-01, 2.27744162e-01, 3.27675827e-02, 1.28716640e-02,
